61;-15;-13;76;-84;26;-61;19;-24;61;-4;-37;23;7;61;3;-32;-30;-25;2;9;50;20;12;-5;-38;69;82;78;-17;-87;-27;88;-62;-63;-64;-57;71;68;70;9;2;81;100;-60;2;73;-98;99;-62
-71;70;73;0;-52;-18;46;-33;-83;49;61;37;89;-62;-31;5;-50;12;92;27;96;99;74;7;50;19;-85;-96;62;-76;-69;-74;-7;43;94;92;68;19;24;-54;-32;11;-92;-39;35;30;-23;-40;66;79
49;-58;-61;43;-53;61;10;82;-77;-20;40;55;96;-74;26;71;-28;-36;32;-82;-62;86;0;64;-64;49;-16;95;-24;96;-58;-60;40;-48;7;24;-1;60;58;32;-98;-37;-32;44;-41;58;89;-83;40;0
-57;45;-21;85;-89;-55;50;-67;-40;77;28;71;-13;-17;9;44;-2;74;29;89;-16;-41;67;-33;-64;-78;-16;55;-61;18;-54;14;75;-41;-45;-33;-87;3;-88;-51;-90;95;36;-91;9;-16;21;-27;77;36
-57;-59;97;-67;21;-59;-32;65;37;70;12;44;-54;70;5;-12;95;64;-53;-50;-62;19;-6;-67;-23;-84;36;-97;63;-53;18;-82;47;-81;78;-68;33;-53;-26;88;-63;40;27;-32;73;-36;90;-43;17;-17
-55;79;-92;17;80;14;48;-21;87;-96;81;-24;-23;-69;2;71;-16;96;72;-23;87;-7;-31;-30;54;-59;-65;21;11;39;-100;58;1;-37;-66;-59;21;-85;-19;71;12;47;73;-66;-63;39;-23;56;59;15
43;-22;-6;-11;20;-41;43;3;-18;-47;20;86;-57;-48;71;-35;78;-51;16;-63;-6;-77;-43;81;-84;6;50;-50;-64;-38;-43;11;34;42;72;-29;19;-24;-19;-83;-1;-20;54;-88;-92;56;-9;70;47;2
23;30;-49;99;6;-59;48;95;-65;55;-73;23;30;-95;87;78;17;-84;-95;-42;-5;80;87;20;-19;8;65;17;20;95;-19;40;37;-2;-81;32;97;16;88;72;67;100;68;-3;1;56;89;82;65;71
-56;2;-34;-79;36;84;8;-15;-73;-3;-99;-48;13;-2;-65;96;-53;-1;-20;15;24;14;38;99;-4;91;4;43;-12;-46;-29;-60;-6;67;54;74;50;68;83;45;-85;-30;66;29;90;55;-100;30;74;-76
-3;99;13;-62;100;-21;19;-43;-70;22;83;51;0;-87;-5;32;19;23;-55;11;14;-40;16;-65;-39;-38;-100;-41;-53;14;96;38;92;-14;-10;45;3;47;-61;4;8;50;-56;57;10;65;-89;77;9;95
-24;-32;73;-26;-18;-7;-89;93;0;-46;-60;22;-11;5;14;-97;92;81;58;63;-19;-50;72;-75;93;-20;-51;29;82;-41;98;-22;73;91;4;0;-5;69;99;77;-67;95;23;-8;-11;69;89;17;-83;-36
-69;2;-22;43;7;7;0;-93;-88;90;21;69;56;83;-26;79;13;-69;41;60;13;28;-73;-5;63;-67;-35;-97;-64;-54;91;-15;48;-20;14;-52;42;-33;59;50;17;-81;-19;22;-15;58;-63;-56;64;2
-19;54;-96;-28;53;38;-89;-98;-45;-11;65;-35;20;76;7;-58;-11;66;98;-39;99;5;99;-42;7;5;70;80;-61;97;2;76;80;67;34;-82;-18;-84;20;80;93;-83;-90;-58;74;-78;-90;-54;90;94
-100;40;-76;-71;62;-24;73;26;-95;50;42;-19;-12;-38;27;78;-46;72;-74;98;0;95;-28;-87;-80;52;-19;45;94;-42;59;26;-47;-66;-80;-46;19;56;97;15;94;-88;91;64;70;-16;-8;98;-59;61
-3;82;-25;41;-34;62;-12;74;0;13;-64;-50;-67;72;-44;88;-26;-31;8;27;6;25;-68;-21;42;-53;-6;-14;46;-85;-93;-1;34;-91;-80;47;83;70;-69;-59;59;-20;35;-93;57;-85;7;-80;-94;-65
81;90;55;-22;14;-67;-76;-47;17;-33;-59;4;-25;13;-37;44;-36;-56;91;-100;-35;42;-62;74;59;31;-36;52;97;-10;-71;-25;92;41;-34;82;4;32;70;-83;84;-28;80;95;-10;60;-12;-31;-96;-69
-25;49;75;-26;85;-53;-57;20;20;-13;-17;-57;10;-16;64;78;-6;100;63;17;68;-64;4;7;43;19;-20;45;-7;-35;4;82;32;17;62;95;-28;10;-4;10;3;-69;94;-10;-78;62;-28;-53;-4;-65
-31;100;-60;-79;48;-73;63;58;-12;87;63;96;-94;-22;-62;38;71;4;44;92;34;53;20;-69;-45;86;-93;-10;-100;-86;84;-2;9;-2;-82;32;58;51;-1;56;-18;-59;-45;-11;92;-27;-89;41;60;-4
72;-11;88;-56;79;15;23;-34;3;52;-61;-12;79;85;-35;-6;-92;33;-13;44;-79;34;40;-32;87;-27;-71;94;33;-15;-85;-71;-82;-1;100;30;-44;48;-81;-50;25;-39;-21;64;53;59;-8;66;-10;65
-87;49;64;-74;-93;-89;48;17;-27;58;49;20;57;40;34;6;-72;-37;23;17;-1;70;24;57;-41;58;55;5;4;41;15;-54;90;-31;59;70;87;79;-49;25;6;-14;-7;-29;-92;77;48;-79;53;2
46;93;2;-98;-33;-15;-62;35;86;90;-23;-28;81;-13;-10;81;83;81;-5;56;-4;-95;-7;65;53;15;-63;-58;-28;69;-97;-79;38;80;23;41;56;-24;9;77;-11;-85;37;-78;34;2;-68;58;-64;15
-72;-2;70;4;-8;-49;33;24;95;-91;-70;79;-94;-7;-25;-20;39;-52;11;-81;-9;92;21;-42;-31;12;31;-82;0;-16;-85;31;-31;-52;-28;-72;99;61;-84;53;-55;56;-90;99;52;89;13;20;-75;-42
72;16;11;74;20;33;-53;-14;-20;-28;17;-89;-18;-64;63;89;-16;8;-17;-93;-11;27;-30;-63;-81;-42;78;-55;-30;-28;-80;26;-61;-37;38;54;45;-17;-79;-9;-98;-22;52;-87;-69;-63;-70;-57;-39;52
98;18;-36;-90;19;0;56;-59;17;42;-44;89;55;-16;49;34;97;-70;57;27;-45;-46;86;-1;56;30;2;75;56;15;3;-25;-86;-68;8;59;57;6;-65;-8;-8;50;-60;14;-64;-45;83;-49;40;30
-23;-63;88;71;-96;90;-47;-23;21;5;14;95;-56;4;-75;-66;90;-44;73;68;24;-24;-34;72;58;37;-67;-15;-95;2;57;10;-45;-96;10;-51;-85;-10;37;-99;1;-24;-49;27;-38;48;86;-82;-69;-60
-42;-72;-55;-7;28;-65;-63;15;-2;37;-50;-19;-12;-51;46;-9;-13;69;-90;-39;44;-4;28;72;-51;-2;4;-92;-5;33;48;-27;4;-65;-23;7;31;78;-36;-69;100;57;-35;-63;59;17;90;-70;33;-11
41;66;-35;28;21;-94;29;-64;-93;-7;54;74;29;10;-56;53;97;-69;-6;70;23;-20;-14;-51;-39;3;76;-19;-4;-38;45;84;0;84;37;30;33;17;34;-50;32;4;64;-99;69;85;-65;29;-69;-55
38;64;2;-27;-41;6;-19;-72;20;-53;9;-67;42;-55;-46;-94;-99;-78;58;88;-1;63;88;57;-30;65;-39;53;-69;-10;80;50;84;-5;82;-68;-63;-89;87;-21;37;68;-17;-82;-54;-74;-55;65;-42;-65
-49;-25;-53;-7;-4;28;72;-28;-44;91;49;-59;-68;-99;46;-63;41;97;-47;-2;-64;52;31;10;56;-16;75;73;-82;20;-57;1;-18;-54;-62;-55;93;-36;-74;59;30;76;81;25;61;-54;52;41;-63;50
37;66;82;27;-39;-33;7;4;-78;-19;16;27;12;-97;92;46;52;43;-27;-87;12;-52;21;-46;-48;-36;6;69;-33;-21;79;9;74;66;-69;67;57;70;59;-75;38;44;-8;-46;-50;66;60;69;58;66
-81;-4;22;-96;52;90;52;82;31;-13;-40;26;79;-91;-52;4;16;72;59;-59;88;20;47;-87;-81;-97;43;-49;10;79;93;0;-53;12;80;-33;74;10;-94;-100;-90;3;-4;53;-76;8;18;-23;66;77
-35;6;-34;52;-45;-22;25;9;-85;-77;-66;76;64;34;13;-30;-71;-85;-47;-100;36;-54;57;-81;81;-100;-54;-68;-94;-54;19;-78;96;19;-65;91;54;-45;92;-13;71;97;97;10;94;-82;65;-25;-34;-17
87;-24;32;-10;46;59;4;51;-96;3;85;17;-88;23;-62;-17;40;-65;39;-99;55;-24;-24;-86;15;94;-30;-74;88;98;-25;29;27;15;75;32;32;37;65;-20;-24;19;95;-74;-54;1;-91;-56;85;-73
-73;-88;20;-71;65;-23;84;-1;-30;27;-95;-35;-40;-13;46;30;0;-73;-57;44;70;-1;7;77;-69;-2;-57;-50;66;-64;-76;28;-49;51;-77;-81;-37;72;-35;7;92;19;68;-61;-66;1;40;-50;-99;-72
55;-67;-75;-24;-25;-23;-9;43;-11;47;-63;-28;34;-57;22;-40;-22;98;73;69;-58;-62;86;6;4;50;-47;-37;69;44;-72;16;17;-98;18;-97;25;-53;93;-92;-97;70;-91;47;3;-37;-97;-81;-34;89
40;-75;-91;38;-96;-81;82;-90;12;71;-25;14;-36;-74;-83;-70;79;79;-35;-41;-34;28;-6;-13;9;86;-81;-80;14;-10;75;27;73;-75;6;70;-18;44;-37;22;-68;-24;-38;-50;7;-15;69;63;-52;-74
-35;26;45;47;32;-26;-25;-91;-38;65;89;-97;-10;-66;36;-61;45;5;-39;-31;100;29;-93;-24;-20;-69;-62;40;-26;95;42;31;96;-48;-36;19;-91;84;-14;-91;50;-7;84;-37;-38;40;29;-22;61;-13
-81;65;-60;59;64;82;8;94;-51;-27;-61;-53;-47;53;33;86;76;49;-83;87;-67;92;26;51;-56;21;-29;-63;20;-78;-3;86;33;92;56;-11;0;-88;35;20;-69;-86;-38;87;80;-70;-36;-91;-65;19
39;27;-84;51;83;-1;-51;-92;57;-33;3;4;0;18;-38;96;-98;-38;-66;-38;-63;-72;1;90;-46;-10;-100;100;18;-60;21;80;-74;65;-71;20;-16;-77;-10;-67;7;58;-56;-95;-26;83;-42;-93;-16;82
-56;88;16;85;77;17;-84;-83;-10;43;-15;52;33;-85;49;33;-5;-83;85;-76;-99;-90;36;-7;89;-4;-53;42;15;-5;-53;-56;-34;21;-99;98;93;27;36;-41;9;-50;-47;-82;-63;68;70;32;51;-92
76;-43;15;-46;-48;30;-74;-86;-25;70;-80;-30;-98;-53;-9;79;68;-58;-63;32;47;-91;-14;61;-52;24;-1;-98;48;-32;-15;92;14;93;34;-6;39;6;-8;89;41;10;-93;-53;-74;-40;-85;-6;-18;-23
1;-15;1;-74;1;63;12;-54;-50;-73;23;31;-26;61;64;-71;93;76;96;-14;-64;-11;-32;61;-41;51;-39;-29;-64;66;-34;-89;-29;14;-12;4;-100;76;-33;-66;85;-14;30;35;35;46;3;90;-14;97
100;-64;28;92;-58;4;-58;-39;74;34;14;-88;-12;78;-8;-38;12;-39;-49;89;12;43;-86;-94;94;67;40;-18;-38;-63;98;-69;98;9;-83;-87;-43;-41;-61;-3;-68;-2;29;24;-50;2;-6;-87;-78;-49
15;-68;94;-58;49;-67;33;-97;-86;-52;26;35;-14;52;-97;-45;-26;53;-71;72;44;-2;43;-68;-80;-90;-75;44;78;-68;92;57;-77;-75;60;-88;65;-85;-11;53;-19;34;26;52;36;66;-30;19;-53;38
8;-13;-38;28;27;34;-78;86;69;-81;100;94;48;-89;-43;35;-35;4;-100;49;17;-20;-56;39;-32;-89;64;-32;15;12;-51;84;-93;55;45;58;27;-77;-98;-34;-93;-81;42;99;-54;5;74;42;-84;-57
91;-5;-89;1;-44;-66;-100;2;75;-58;68;-5;91;-45;-62;56;65;-100;-57;-41;-33;-63;-53;-61;41;59;18;-59;-31;98;47;40;90;0;46;-86;-23;81;97;-38;80;1;-30;-90;33;-98;-4;61;-35;-53
47;37;-2;79;21;96;9;-35;97;31;-3;-6;62;-2;80;58;-41;-88;-43;40;-28;-25;-24;-2;-8;-69;11;72;-84;60;-62;98;-71;-15;-58;-36;-73;-11;37;-11;-12;-67;-16;-69;72;49;-7;-94;-36;95
26;-76;-23;-71;-90;-71;22;-51;55;62;23;77;-44;-19;-62;27;40;75;-90;-75;-3;-6;38;-39;92;-85;15;-9;86;-91;-34;51;100;-49;87;-86;73;-38;34;68;-99;-5;-68;-80;30;78;-53;-72;-17;3
-4;58;38;-66;-31;-69;-24;91;60;100;25;-80;-24;-64;-97;-44;56;-13;20;-31;63;-72;-13;-49;62;21;69;23;74;62;-67;-62;64;-41;93;0;-48;72;-89;-30;48;11;-28;14;54;-19;-53;-7;-80;-88
-13;-83;94;19;73;-1;-43;22;-43;62;-49;62;-44;76;19;95;28;-11;76;-11;83;36;83;67;40;-81;89;54;-2;-68;21;98;5;-45;28;-78;-99;-44;-45;-44;11;-99;-9;-98;-24;43;-64;35;-26;26