-96;-76;-66;-23;43;-86;41;84;26;-98;24;9;85;54;-89;93;1;-94;46;-90;37;-75;6;-34;75;34;-91;-99;-64;-1;-100;-25;-76;-70;-83;-10;-61;-25;-69;-92;91;96;-85;-31;-6;81;13;-12;46;-88;26;-24;-4;-3;-62;-33;-87;-83;-95;-48;68;71;65;11;-50;49;-86;3;66;23;13;44;90;-15;-41;14;-92;-85;-40;-100;-52;29;60;-51;8;78;-7;-43;-56;-96;-32;-84;46;-46;-68;55;46;-37;62;41
-12;79;90;24;74;-72;-52;-22;-80;95;44;-80;53;96;91;-80;-35;73;87;44;-45;-94;-43;62;-56;71;68;42;-10;-34;62;-74;-3;-47;-22;-61;30;-86;-96;-34;25;61;-36;72;40;34;-34;66;-12;99;-81;-96;16;76;-12;-75;-19;31;-37;-33;1;-98;96;-53;14;64;30;-22;100;58;-7;-28;-48;78;-65;15;-57;20;87;-27;50;-76;-43;-32;-12;-63;100;-4;42;-6;-78;-83;57;-94;26;55;18;-33;79;87
-1;-89;54;99;52;38;57;64;24;53;92;92;-14;4;-95;56;-36;98;91;15;-38;66;-41;85;-25;4;62;77;-56;36;17;-83;-66;4;-15;43;-9;43;19;-27;35;-30;12;86;-21;-29;45;-76;-76;41;-47;-4;87;53;59;15;-100;-19;88;-36;-20;15;-91;44;57;35;66;14;-68;79;-6;67;3;98;-21;1;-92;-49;1;96;-14;6;-63;-96;77;74;42;-8;78;17;99;-81;-51;-24;16;80;-71;13;-57;-74
54;-16;39;-76;91;-71;9;5;49;23;-9;-38;-38;-52;-53;41;70;-39;-74;18;4;-12;-18;91;11;-27;52;8;-53;-38;-22;-73;-17;-28;-95;16;-37;-34;-39;99;88;-99;-53;38;91;-28;60;-63;6;59;83;-43;80;-81;-70;-34;-15;48;20;50;-10;85;95;73;-66;-27;89;82;-31;27;-6;78;-86;-90;-22;19;5;-12;52;-17;-14;1;23;-69;-89;-95;24;99;-86;23;-35;-51;-95;84;89;91;-30;11;-6;21
74;73;-88;47;-31;-28;3;26;-63;54;59;-86;93;29;-9;-57;49;25;48;18;73;-38;-100;94;-55;4;47;13;-98;-45;-91;96;-93;14;-15;-80;54;77;-14;60;-83;32;31;-49;95;32;92;92;-99;67;3;9;52;-4;37;-68;57;80;-42;51;-15;-22;56;-47;85;-99;69;25;-100;60;-9;28;70;78;84;26;-99;-95;69;-77;65;1;-14;93;-45;44;-75;-40;-81;-40;18;68;-6;78;49;-73;33;-92;-46;-20
-89;-4;21;-73;-29;95;50;61;45;50;47;-23;17;-41;-76;78;-75;-89;-24;73;-61;-25;-58;87;-8;-79;-81;-56;-50;-71;71;-62;53;-85;-11;-81;85;40;34;71;15;-71;-62;-3;-69;59;-82;-33;-48;92;-99;51;53;43;-85;93;-27;-70;35;-85;99;76;66;35;-36;-50;-76;29;45;76;-82;-100;-64;6;38;18;-95;-52;42;81;12;30;-100;7;45;-86;91;88;0;68;24;-14;-86;-64;-2;-54;37;-69;43;-90
70;39;38;84;-77;14;12;67;-32;-73;51;-50;73;15;69;-84;-12;-23;100;-81;16;47;-19;18;-26;76;28;-60;89;-39;10;-41;-62;-54;-64;91;17;-95;-68;-36;-26;47;-35;-98;-82;47;-78;84;97;-43;63;8;-62;-55;68;42;0;-71;-48;-47;-55;12;33;74;65;1;22;-70;33;80;68;-3;17;45;-70;96;53;15;-62;-20;-50;100;65;66;22;34;-24;-68;-99;-13;83;-11;-13;-39;26;-35;82;21;36;28
-45;-80;22;57;-70;-22;-88;53;42;-97;12;89;41;-94;86;-11;78;89;49;-3;36;-28;-57;97;-99;81;89;27;95;72;62;-23;-84;63;-21;-22;-19;37;-78;-46;57;-50;-39;-80;-92;-9;-57;-31;82;-14;58;-4;-47;89;-21;29;79;37;-6;-49;2;69;-31;-99;-58;-54;-86;26;22;-70;-65;-40;-23;11;70;-48;-53;-48;-53;-13;-100;-55;-86;64;-89;-82;16;-31;-38;33;9;83;-52;-36;-77;8;64;27;82;-89
41;-93;57;99;20;91;-42;-92;-87;65;42;-42;-73;8;7;57;62;34;24;-82;-9;-69;-37;-33;83;61;-63;13;-21;-73;27;91;96;-94;-70;9;52;-35;-5;33;42;0;47;-96;15;-24;-84;-6;51;-31;-83;24;-23;32;63;-2;-100;55;35;-31;-68;-57;-96;83;3;50;-41;-41;-46;93;-23;49;9;68;73;-77;6;50;93;27;77;-69;-82;68;13;58;-37;83;96;61;78;-51;80;-93;-31;33;17;-4;16;5
-46;29;31;-30;50;-92;96;97;-13;12;51;64;-21;-25;9;26;56;-61;22;-71;7;78;-66;19;13;-72;-97;23;92;-56;-75;5;92;38;88;-58;-36;85;65;9;3;-40;-92;28;-21;70;-4;8;-56;86;4;-4;68;43;-61;-85;5;11;14;49;-43;-65;36;9;-10;-87;-86;89;-83;-48;-23;86;70;-49;-8;-17;-44;40;92;-73;-56;58;-79;43;60;-1;-90;81;97;-28;-17;21;77;33;29;44;-80;-44;-2;-48
-63;-39;72;97;-36;91;-11;-98;-90;-29;-77;8;-59;-24;86;12;-56;-86;-78;91;18;96;89;-62;-1;-20;-53;30;-41;-48;-47;-1;-60;61;20;-57;-68;-87;30;-86;92;80;-51;-20;81;77;86;-54;-81;37;-74;-7;100;97;-25;-77;44;59;-100;94;-11;-38;-18;-48;30;56;2;-40;34;-34;-85;-99;60;-3;99;-100;0;-86;84;73;87;90;16;-11;-56;36;55;34;-33;19;-62;71;-52;4;80;69;58;37;3;-36
84;-87;14;-94;20;-86;-88;94;-96;100;11;-4;-6;37;6;41;66;25;88;-92;-73;-35;2;-17;-14;-88;-68;-28;-40;-74;66;-78;-63;-27;89;-98;-51;85;4;51;18;53;36;56;-72;66;46;-18;-1;10;-80;69;52;-98;14;35;9;65;12;44;69;-93;-31;-48;29;91;61;-72;-12;100;25;70;-33;-45;91;-67;70;-100;-81;-14;-83;-61;-82;-72;28;65;23;-61;52;-61;9;79;11;-9;-39;-89;99;0;90;42
3;45;64;73;17;-47;26;-36;-82;-46;80;-96;-68;-36;-25;-100;-41;20;-13;19;-48;63;-14;28;33;79;-80;27;-45;-11;-75;-40;29;69;65;-63;22;-79;-16;-29;4;-17;-12;-79;100;-98;3;-88;-25;-92;13;95;79;65;5;26;-30;-26;-76;-4;37;28;15;-92;-52;-3;-74;-76;83;-39;-16;82;23;62;74;5;-68;-11;95;-14;-95;78;-78;98;42;-38;70;-1;-93;-94;10;-59;-48;46;-1;-61;32;75;-5;-17
-13;44;5;13;-88;-86;45;-13;-45;34;-95;15;12;-81;-58;-64;73;-64;65;46;86;65;97;59;91;47;-42;40;-97;34;-60;-15;68;74;80;93;23;79;-2;85;67;69;-64;-71;-9;6;21;-66;23;97;-16;-35;49;25;24;-32;53;-21;44;85;-82;-98;58;94;82;-2;-9;35;-64;30;-35;-72;52;50;-93;30;6;-37;-54;5;-47;51;69;12;-82;-57;70;-38;-41;-31;99;-61;6;66;77;6;93;-72;-14;82
-21;-65;43;1;-15;81;-17;49;-58;-35;-72;-33;67;-2;49;47;59;29;-49;6;64;-76;-20;20;42;51;56;69;-92;15;3;34;-98;50;-75;6;66;-7;39;-34;-5;63;-31;44;65;60;-8;87;76;52;27;-66;-82;-85;34;28;47;62;79;-62;-35;71;-22;-64;20;57;-42;-1;83;87;52;97;92;-30;81;-66;-67;-19;-48;-64;64;91;-43;42;64;92;85;-23;-10;-93;73;22;41;37;-24;61;2;45;-20;-75
11;-68;-17;-38;-43;-29;89;-97;-28;53;74;-64;-17;-71;-45;-86;27;-47;-30;-19;-37;-45;-59;-4;72;-48;-80;-55;-96;58;23;33;47;-44;93;-59;48;-93;81;-85;-8;100;53;-54;54;33;-15;-100;-2;-30;-91;-67;46;32;90;-63;89;69;76;67;31;98;86;5;65;6;52;43;-77;-95;-59;13;46;51;-80;-25;-19;82;-22;5;54;-78;57;-50;-88;58;29;95;-1;-49;-17;-74;-97;87;46;18;-93;-27;-78;-53
75;-86;-68;9;-73;-8;10;-9;-41;-27;-41;100;-69;72;-79;-98;65;-8;6;-33;80;37;56;-92;28;3;-71;-64;29;15;-85;99;91;92;62;-47;-84;-5;33;33;-33;-7;-24;68;67;14;-76;100;-61;29;19;98;95;-39;-31;61;-51;-30;25;-16;-7;49;3;46;61;-28;35;-40;27;55;81;-69;86;-29;32;0;19;72;69;-7;-56;89;36;55;-24;57;-18;-51;-85;-40;-29;97;7;32;-26;-34;18;-51;53;-66
-90;-54;-3;82;-57;20;61;69;55;-4;33;12;-30;75;-51;-69;23;-6;18;-2;76;14;-42;-65;-99;-80;-91;-93;-86;21;-47;65;29;-80;66;65;63;52;-83;-56;-42;36;7;-94;-89;-83;99;24;3;39;-89;-92;-33;90;-48;6;66;-43;93;18;-65;86;-60;-41;43;-67;43;71;73;-45;87;-70;-8;47;-70;6;-89;-6;-44;-10;-11;-78;-67;-70;61;-54;76;45;-46;-99;-82;-42;-75;19;-37;65;44;-62;-82;-82
70;76;-7;-18;16;59;90;-21;58;-42;39;-83;50;-93;72;-56;-43;-79;15;45;59;-54;-56;7;70;-56;49;-80;-17;-62;28;-23;-97;33;97;52;-25;20;-93;-92;65;78;97;61;26;26;100;60;-13;95;38;-75;-45;-65;23;-91;100;25;-54;-24;-29;94;-79;-44;4;69;70;-77;-50;-94;-53;-53;17;-52;-84;-39;-13;4;-9;-18;100;-9;3;-85;99;2;-41;-37;-30;88;69;-73;-75;35;32;-43;11;36;2;-61
88;99;31;91;-3;98;-41;59;-80;93;91;36;-91;-14;13;31;20;-45;55;-20;-69;76;17;-87;-58;-58;-44;-88;19;15;93;50;17;13;14;-21;11;-83;-1;50;87;-66;-69;-98;-99;-33;-51;-32;-86;1;-8;-27;-83;100;-61;-96;-35;0;-33;-81;-87;-16;100;22;4;35;-39;-91;43;17;-79;-13;-70;-10;-84;36;9;-57;-47;75;-10;-57;-50;-98;-65;66;98;-12;-52;-3;-64;-43;48;-10;5;-82;-57;74;11;69
21;40;63;-71;-69;-51;38;60;54;35;4;-11;45;-97;-97;-62;64;-28;-56;94;-42;-91;91;-58;-95;53;-1;66;-21;-45;-50;-84;-33;-79;20;88;38;-85;41;-19;-25;41;8;79;-5;-68;-81;-31;0;-45;44;69;-61;-53;11;-89;33;-32;-19;95;7;-26;-75;43;91;95;86;-9;-54;23;-7;-34;49;81;100;53;65;-54;-42;41;70;-67;97;31;-12;-59;70;-60;-62;100;65;-19;64;-73;-14;60;33;63;78;54
-58;-86;26;21;-2;51;-50;30;49;23;24;-9;-41;39;34;-84;-34;-9;21;77;33;16;-70;45;6;-40;-73;-92;-2;42;63;-38;1;53;-45;-48;97;97;-80;-59;-27;37;-24;98;-28;-63;-85;-19;96;-30;6;9;-94;30;31;89;-30;-45;10;-76;-2;11;-62;-47;97;20;34;-7;-6;61;-85;-14;-5;-50;70;45;-46;98;-5;46;72;24;79;47;35;-15;66;84;7;62;64;-22;71;-33;25;19;70;67;24;58
-78;-51;-29;-6;4;62;-30;63;7;46;52;39;91;4;34;8;58;97;-11;52;-6;1;-35;-1;72;-14;-58;71;32;-11;-100;31;94;-57;-40;78;13;-15;84;-33;-61;37;-12;-96;55;91;94;-47;100;75;-46;-16;19;-98;11;-72;-73;-56;24;3;-86;86;-15;-49;-46;-8;-22;52;-83;48;35;-95;61;-3;-70;-84;94;4;-53;89;-79;-35;61;-95;60;0;-84;-74;-98;26;85;-8;88;-30;81;24;-29;-28;-19;-12
-74;38;84;-34;-41;25;82;-2;23;83;63;19;19;-19;-57;-59;34;8;53;-10;-43;-94;6;-32;-84;84;94;88;-97;-55;-63;49;-6;-80;5;-53;-56;-16;8;-29;-38;17;0;64;69;81;-23;-19;62;-69;-63;73;67;-53;33;-87;-20;43;-38;78;65;74;55;57;25;-92;-25;91;62;-27;21;86;94;59;63;-49;-20;-71;-20;87;-14;-46;18;31;-65;94;-71;-83;-50;-59;-68;68;92;65;-45;70;8;83;23;42
-83;84;53;-34;93;3;92;69;-14;43;20;-20;-23;100;-87;71;14;69;1;0;73;42;-22;-99;-47;90;-49;-42;8;-81;83;-94;74;-96;-63;-17;76;65;-57;74;-35;38;2;-94;82;-75;-38;-79;94;-72;53;76;67;95;17;24;-66;-23;17;33;76;-60;-13;53;65;-92;75;-69;67;14;-22;72;36;-7;-61;25;26;51;37;-28;80;-70;-74;-87;-68;-81;17;57;-4;-52;-12;39;95;-4;99;97;25;72;-57;38
-73;28;11;-16;-47;-33;-74;-78;-37;-25;-69;27;-7;61;-5;-20;-94;63;4;99;35;85;99;-66;26;65;70;-51;8;68;50;15;-97;-88;68;74;79;17;83;-79;56;73;49;100;1;58;21;-84;56;21;37;77;-25;46;-5;33;-73;81;-95;98;2;88;-55;58;94;-60;32;42;100;-74;65;76;-32;15;-74;-50;85;68;-22;31;48;-88;8;-53;61;-22;-96;28;-71;-11;-12;11;32;-79;23;-91;36;-11;-67;-90
7;63;-40;-22;91;52;97;-14;-80;-49;11;1;-89;-4;10;54;33;26;6;89;-21;66;19;-46;16;4;-83;-64;-92;-20;46;-33;-22;71;-75;-66;61;-78;-18;-15;-44;-32;95;-30;-43;-72;54;3;-22;-54;88;-8;-1;1;-13;-3;-32;1;-48;2;64;-60;11;-87;-20;71;-22;-33;80;57;-66;67;-17;66;-22;-63;-27;54;-1;21;-64;-2;-49;-37;57;11;41;-47;27;-30;-46;29;84;-25;27;14;54;-95;21;-12
-89;-66;-66;-38;-34;-5;-44;-31;-68;14;-8;13;-88;-35;40;-41;39;98;24;-79;-52;46;67;-20;23;-53;-62;-83;62;-17;87;-30;-3;16;-31;-59;42;59;10;53;-34;33;-13;65;99;-31;-85;52;-28;-5;35;95;-9;59;-15;23;-20;-47;5;-50;44;76;-34;-39;-19;90;-99;-59;65;99;-73;-61;88;15;0;17;49;73;30;70;-20;64;-20;54;-57;50;31;-5;-40;-100;26;-44;91;11;24;20;63;-97;97;-78
-84;-13;12;90;-36;49;-35;-41;-41;-25;-6;21;-82;-80;66;-21;-91;-52;-22;-5;93;-77;5;-27;-64;-2;13;-77;47;-9;74;68;75;29;-78;91;70;37;-19;-29;1;-47;1;-76;-74;-6;42;-90;48;98;-16;-85;-96;-6;-88;-39;49;-30;90;-46;28;41;25;-54;-32;-21;-66;-7;-86;-10;95;10;-85;69;-71;68;45;76;-94;22;45;-87;-22;21;69;-1;-85;35;87;38;37;-47;-42;-85;-64;-45;91;84;-13;81
-68;-71;52;-15;-71;48;56;-48;27;-22;71;53;81;20;-20;-98;45;-34;-100;44;-58;-20;96;9;14;-21;18;59;35;-15;-99;57;48;77;54;9;5;-10;-81;-99;22;-42;71;-60;10;-24;51;26;-19;54;-66;-93;-33;-19;-21;13;6;-49;-7;75;89;46;68;99;75;-95;94;-99;-92;-55;-8;-41;24;51;36;-46;-81;-64;-93;-94;-17;-64;-5;-2;14;-98;-28;97;-91;60;70;-88;69;43;-84;-98;36;43;44;60
83;-50;-96;-42;19;15;44;58;99;-80;-4;67;69;-14;79;79;79;-40;75;-23;50;52;-94;21;-68;-67;66;21;-31;-54;-48;58;-98;-46;-37;-100;14;-74;-92;63;75;62;76;-72;89;-66;-1;95;-29;59;-8;12;-66;16;46;-4;-90;-45;-61;-57;17;1;99;25;49;-53;14;-71;54;-89;-91;34;-37;-77;-96;-1;-56;45;92;32;-71;-38;-74;-43;1;18;90;-28;44;-12;5;-41;-100;89;83;50;-87;17;21;-96
-52;35;-28;49;-74;45;45;-50;38;-75;-42;-72;51;-31;-100;23;-32;-39;-95;64;98;-66;92;19;47;-69;9;1;-78;40;22;6;84;-14;2;-57;-48;-59;60;-16;-18;-69;76;97;38;-63;-69;-20;5;62;18;-55;-27;36;-12;-26;70;26;40;0;51;-89;45;-1;-14;35;-15;42;-87;-1;2;-18;11;-99;8;-54;78;-94;-48;15;69;12;34;70;-2;-6;68;-85;24;-10;-97;71;-55;93;89;-29;-69;-40;-26;-20
45;-64;50;21;79;71;14;-44;-11;-78;-7;18;46;28;-14;22;25;62;5;-72;0;-24;98;-44;-16;53;5;31;-89;72;24;-89;-40;-31;-4;76;-83;48;47;-21;99;49;1;-54;-81;94;51;-24;72;-69;48;-16;-75;-6;-8;42;7;-8;26;78;13;8;79;-92;65;24;21;98;87;91;37;-6;12;-5;91;-26;76;-18;-47;-98;-19;27;-83;-43;-24;65;-10;16;57;-38;4;-86;-72;86;51;-49;91;-18;-46;-1
24;91;36;-50;23;4;99;-37;41;70;-6;-98;-43;-73;-85;95;12;40;-82;-74;50;18;21;-47;-49;-86;21;-22;89;-77;-62;-72;81;-27;-85;-54;67;97;-70;89;-71;92;-46;-24;43;-56;-9;100;-87;-29;2;-80;-48;7;90;-95;-96;21;91;-27;-27;30;20;33;29;22;93;-41;-19;-62;-80;-53;7;24;86;-30;57;67;-91;20;64;86;67;-12;41;84;-71;11;72;63;-79;84;87;-42;89;-5;94;27;56;-2
89;2;73;23;-25;54;-52;30;8;86;-97;83;-63;-77;-56;-77;-5;-52;84;-72;37;-85;39;9;-4;89;-37;72;2;-76;-54;-3;-17;30;-16;66;-30;9;-62;-8;-29;-81;-58;75;-98;-8;17;45;-99;-93;-80;-23;-53;7;-43;55;-22;-61;94;-22;20;-89;54;-65;-20;-18;-27;74;-18;52;-100;-73;98;5;-55;50;42;93;43;34;66;-21;40;-28;-61;-63;59;-33;-20;50;-1;8;-41;59;56;-71;30;-22;47;83
51;98;-86;-22;-14;90;72;-84;91;14;3;93;-44;-2;-85;15;37;-44;-16;-76;-10;-14;95;12;-28;-29;46;17;-82;44;-7;56;-8;-30;50;-81;-14;5;27;-27;90;-76;-77;-86;-6;-94;-12;84;74;1;-39;75;-16;67;34;-97;-88;-29;87;-50;-76;-96;-38;60;-18;91;93;-18;17;83;-62;25;27;73;-91;42;39;88;45;37;-68;90;61;-50;38;-31;41;-45;-22;-95;-85;-47;68;-27;-98;33;19;21;-99;-85
-22;-79;-26;-10;32;74;-60;-5;-52;-35;24;80;11;-66;34;-83;-51;68;-90;12;17;50;26;97;49;-5;28;-27;-45;67;1;75;34;-32;98;75;-79;-30;-47;28;43;-98;-54;41;-11;20;93;68;34;-13;62;-64;-77;-98;-50;-42;-78;-79;-45;-50;-36;67;-72;47;13;56;87;-17;-15;-53;-49;-46;-98;-41;14;-30;35;0;-32;-49;56;10;-49;-17;-34;-1;-56;-52;58;-33;67;0;-70;-84;31;56;34;-64;-67;96
87;-18;-59;-50;74;-16;72;-94;-75;90;42;62;57;-83;-1;-20;85;41;-4;-39;-14;-64;-35;-18;-43;52;-28;52;80;-61;-3;-38;51;44;18;-7;55;6;-21;-2;-1;-15;-15;31;44;-30;-6;-38;-79;-8;82;10;-11;-99;25;89;18;-51;13;20;-81;2;-73;8;18;20;-14;-64;-3;31;36;-90;-45;30;35;9;51;76;24;-39;37;-53;-78;-17;99;26;80;72;-78;64;-64;52;-97;35;4;-20;53;44;69;73
-29;-68;-47;-92;81;-43;9;53;-86;-98;60;12;82;-41;34;-90;26;30;33;-57;86;-76;-62;-18;-13;-41;-94;36;48;-53;-76;85;31;-52;-98;-11;-10;-56;-35;-79;-37;-57;-1;-90;20;-100;-97;-21;50;64;62;37;-92;-7;16;-93;55;32;76;-76;56;43;68;28;-87;94;-73;97;-70;-1;-63;92;-8;-87;1;-30;51;20;88;-83;82;17;-55;74;-29;28;-71;49;24;-60;78;-45;99;-15;91;-3;6;-6;-93;54
-49;15;88;-46;-74;-51;23;-26;-91;39;49;-31;-21;-100;-5;-20;22;-83;-60;28;-30;4;59;46;-65;-49;55;80;-74;23;17;90;-93;83;-70;80;-66;64;-78;-16;-17;-25;-41;59;-5;60;38;-63;24;68;-10;-20;-15;-88;-89;-42;94;59;-57;-31;-10;41;-29;-11;32;-99;-26;9;83;-99;90;-18;61;56;-30;-64;58;-8;10;-91;-19;-85;82;50;-31;-36;2;-94;-89;63;10;75;-62;-96;-49;-73;-46;-49;25;-98
5;-50;64;51;92;3;-82;-13;-74;98;25;36;8;-26;-98;-68;59;24;61;52;87;-66;42;-72;-93;4;74;-86;68;-50;-68;13;-72;9;7;27;99;1;76;-46;-64;-45;61;89;-52;43;-92;-95;-50;94;31;-55;-32;-79;61;85;-24;-75;48;-26;54;5;-60;-61;58;5;57;41;32;-81;-39;87;18;58;-37;-51;-10;23;13;-4;-61;-95;57;69;-62;-13;12;63;-9;-28;-37;-75;100;37;-32;38;59;-78;3;32
-23;-19;67;100;68;-42;-94;7;-51;-80;0;-45;44;8;-58;99;2;-83;13;-43;-8;85;9;-37;-100;95;-9;-47;-48;47;-64;-34;-79;41;-1;-76;-11;-47;1;-87;31;-69;-23;34;43;-32;91;0;31;-97;-97;-5;71;26;-73;43;97;49;-31;31;82;27;-98;-48;65;2;23;79;-23;-92;22;-20;4;-94;-16;-36;-28;-84;-58;19;-67;95;-27;-7;48;95;25;-1;-32;50;12;12;-10;-32;84;73;72;-25;-91;-56
-68;-43;92;-63;83;16;-96;99;7;-2;-31;34;21;22;91;-6;63;8;83;-48;-26;-83;59;26;86;43;-52;64;37;-33;31;73;15;-7;19;-48;9;1;94;-14;55;-47;77;-47;-62;-72;-42;-76;12;-66;16;-19;95;50;-91;-100;-67;19;95;-80;90;-55;94;-28;24;24;-12;-4;-44;-66;33;5;-31;53;86;-58;84;55;93;-94;-11;9;26;-61;36;-13;7;-77;-41;-24;-79;79;-91;28;41;-54;-20;99;73;57
-99;-46;82;73;33;28;85;76;-3;48;59;45;-88;-77;-56;84;-13;5;63;37;-97;78;30;81;-96;34;-48;-78;-30;-18;67;44;20;-79;67;77;-11;-26;-9;-75;-41;90;12;7;90;79;94;-92;68;59;34;-94;71;-49;24;72;-90;-13;-16;-54;38;55;-67;48;26;6;82;-7;-26;15;-27;75;57;-61;28;-35;93;67;60;-30;-96;-96;-61;-96;-75;88;-22;-38;-74;-97;-57;49;-46;48;-8;7;-93;20;-50;-56
-58;-54;27;-51;-50;41;-64;-44;14;-36;-14;-85;-58;41;97;-24;-100;50;-81;59;-90;42;-83;-90;-51;67;-55;73;-20;74;-72;-77;35;38;85;84;7;36;79;98;-29;-77;-29;-22;98;72;-22;-27;90;-31;-77;-62;-72;60;89;54;7;-29;-74;29;33;-28;-55;-66;-73;-29;3;25;-22;-96;-71;-96;-18;5;15;77;-100;-58;-6;90;-49;77;-47;12;-49;75;10;-20;-11;-35;13;-92;-99;-10;55;0;-71;60;-94;-79
-20;96;31;1;38;1;67;-3;79;77;-97;-59;-71;83;41;-33;-30;-74;5;67;26;15;87;20;-55;-11;29;-63;-28;9;74;-29;96;14;31;-44;-78;-29;-27;-23;80;84;85;22;40;76;64;84;33;49;-31;46;60;-2;11;8;-39;-68;-44;-87;-12;-35;-24;25;4;70;62;-95;-95;35;-18;-14;-60;12;-9;-8;7;26;34;29;-39;47;78;-23;-99;-56;15;-79;-36;-95;5;74;-63;-22;-49;56;45;97;-11;77
29;-70;-76;31;13;-25;2;-71;49;90;-48;-80;-4;61;-66;-33;70;-10;35;52;-8;-11;89;-12;-12;-21;-86;30;-40;28;57;56;15;-16;-59;63;15;-66;17;84;60;63;-43;77;-13;-64;-11;17;87;90;34;-25;-1;27;47;7;-88;80;-27;64;20;12;-46;-28;-71;0;-10;-53;-2;-24;-86;-87;82;0;41;46;-19;96;11;28;-5;-4;-35;-29;11;-30;-20;77;-91;36;8;-3;-7;-7;-70;80;-50;-99;71;76
81;-29;7;70;62;-11;-81;-86;-79;60;-18;-77;-28;-13;-54;99;57;33;41;19;-48;-63;28;85;-38;93;-94;-93;56;53;69;-65;68;-22;-53;27;23;-74;-29;-39;-9;54;54;-2;-76;89;35;26;-37;88;20;-84;3;-83;-82;1;-15;12;21;75;-88;-17;16;82;-5;-5;54;-72;-44;-62;-7;64;17;97;-35;-21;-67;-16;-46;-63;13;94;90;6;99;-74;70;22;-94;-35;-87;-38;87;75;73;31;-29;-27;90;-16
-60;-34;1;30;-2;-76;18;12;-17;6;-2;-12;38;55;83;19;82;33;-4;82;-53;29;-44;-21;74;-86;83;-58;83;-22;-33;98;-21;91;-70;45;99;-93;27;53;-2;64;64;-46;56;-2;48;31;-36;-3;14;21;-28;62;1;84;-61;77;8;-21;7;24;50;-76;62;-61;91;-17;96;72;83;-78;-74;-84;48;-82;99;33;27;15;71;-80;-11;53;-100;78;23;-14;-75;89;3;65;-34;86;-38;-82;42;15;46;-22
-1;70;68;20;72;26;-32;12;73;78;88;-43;-9;49;78;-51;-27;-99;-1;8;-84;-86;86;49;98;-28;-48;-20;47;-68;-33;67;68;8;92;-52;11;51;-10;-97;-82;-58;67;79;76;-39;56;44;-43;45;-94;50;21;-86;-100;52;-98;-62;-100;-48;-12;-89;31;-42;-97;11;-97;-62;-99;-16;96;-49;46;-98;53;-24;-9;33;28;-51;10;-4;68;81;-52;15;93;-49;28;-52;-47;-32;-69;-8;-63;56;3;-72;73;-33
9;-60;100;12;-90;-99;22;-96;21;73;-88;-61;-1;27;72;-85;68;70;-25;-40;100;-77;93;-16;36;3;-86;79;23;74;45;-2;-96;-33;92;-55;-68;-86;-22;-35;89;75;-94;-32;68;-24;41;-37;76;-45;-37;-80;-2;-39;60;-39;40;-18;26;15;-41;1;89;-20;47;-1;-15;-74;62;45;63;87;-79;55;-89;13;-6;-69;-8;23;-37;-31;100;-31;86;67;-43;10;-7;72;14;-54;-87;36;-83;-67;-34;-65;1;-48
-25;-53;-61;-13;19;-66;86;-10;-92;-90;80;53;78;71;-56;48;-69;-6;6;-27;-69;-28;32;79;61;99;21;36;49;-66;-45;-76;18;81;-37;87;79;83;-76;18;7;-15;-96;-3;51;-75;44;95;-92;-32;-77;-47;-71;-14;-9;-49;-21;-48;-57;-13;-24;100;-80;59;-45;44;93;38;-12;73;99;-3;59;11;88;-14;74;8;27;-59;98;-82;79;-7;79;39;57;-69;-1;72;45;13;73;-91;66;-46;89;65;77;-11
74;-6;-94;43;18;-12;-6;31;81;31;85;-74;6;19;66;54;-65;59;92;-63;20;44;-48;-17;25;-26;37;-85;-78;0;7;47;-86;57;-83;-85;-16;48;0;-80;-60;37;-31;-33;-26;65;74;3;-58;-2;-33;-64;-7;29;-43;77;-12;49;72;-86;-97;-4;-19;20;39;-41;80;-3;-30;-20;29;2;-97;64;16;58;66;78;53;18;-64;-64;-1;36;-11;84;68;85;-70;33;-22;67;-32;54;71;77;-8;-9;43;-24
-12;35;89;64;-96;23;-15;54;-30;-39;55;0;-95;-2;68;86;-20;-13;38;-74;69;-33;6;7;-52;94;91;23;-85;78;30;-42;-10;75;85;28;65;-66;30;81;83;17;-92;33;-9;-82;23;-60;-61;13;2;43;-32;66;5;80;-30;-87;15;48;10;40;-16;15;-24;-19;64;-82;28;71;29;95;-97;-78;-64;16;-59;77;49;-100;-59;-12;1;8;-82;34;-2;55;-32;24;-10;39;-50;-84;68;30;-1;30;-48;31
-41;-19;1;37;-13;35;-38;-72;-4;57;-54;-14;-9;-34;-93;-60;78;-76;13;-42;-8;30;-6;38;13;76;-60;51;-100;22;-6;95;-29;-59;96;-56;5;75;-78;11;87;76;-69;-90;62;33;-77;-84;65;91;54;-54;14;-60;-19;99;-87;22;60;18;68;-91;33;87;-96;16;-5;20;-57;-43;24;-45;-55;-25;-88;-56;59;9;-95;-21;-21;-67;-76;70;26;-97;62;47;14;23;33;-31;-81;-89;59;-81;-26;75;89;-97
38;87;53;44;-59;-95;-87;-81;-37;59;31;72;73;89;3;76;30;45;-4;-41;4;-47;51;57;-13;-7;52;-61;31;-47;87;-78;-18;-66;-4;15;-58;-53;95;46;-14;-99;-23;28;-63;-64;80;-66;-72;-94;-11;96;-74;52;-19;-29;-50;91;92;12;-17;-47;67;12;-38;79;87;69;64;22;54;88;-9;-36;-88;-22;-65;-79;77;6;-37;-90;90;52;-33;23;27;-16;33;51;93;42;-6;28;37;49;17;40;14;93
63;-8;13;53;-68;4;32;-87;-44;-69;41;-75;-10;-48;70;-78;-88;-62;-71;32;59;-69;-87;-82;-55;77;-2;-43;68;-62;90;64;43;-49;11;-21;-93;77;-51;83;-49;-6;-100;28;49;-2;16;81;97;65;62;-98;60;-31;62;78;14;88;50;43;-88;39;-79;-55;58;44;2;41;-75;-89;-6;72;100;70;-51;60;-50;29;43;-70;42;-60;-5;41;-76;-69;-83;27;-30;6;20;-49;-45;69;73;2;-2;25;89;48
-53;48;-73;-54;-81;31;-57;-92;-4;96;-60;78;-68;-43;26;-71;70;-76;-36;-11;-64;-81;38;-54;87;-19;-2;72;-79;-46;-36;9;77;-94;-43;22;70;86;76;-75;4;-24;-7;-88;-67;-16;71;-80;-26;16;-29;85;-58;6;-83;-16;-28;43;98;46;22;-85;19;-41;-26;-52;-17;66;41;-72;18;29;-64;-88;36;28;-30;-33;31;62;3;-43;-85;-43;54;97;-79;-67;10;-73;52;61;-52;-16;2;-50;93;30;-86;-100
-57;66;-87;81;-33;17;-3;37;19;42;-35;96;-2;-24;-58;4;-10;-53;62;63;43;-33;62;18;62;59;-20;-43;55;71;-69;13;96;-90;-61;-51;-14;22;-21;-44;-79;-50;60;55;27;63;99;30;-14;75;-72;18;4;-68;75;73;-6;-52;68;30;-34;-18;-84;93;-20;91;7;-40;20;99;-23;-40;83;95;-35;-88;40;92;66;52;1;-59;-63;-44;-34;7;54;-8;-42;62;-100;61;-64;-86;5;98;-56;-83;-21;7
-72;53;93;86;38;-15;-21;-53;35;-70;-37;81;9;50;21;29;22;-83;82;75;-51;93;-15;-31;87;-14;-63;-14;-21;43;-84;31;-88;-96;-81;63;16;-40;-51;53;19;-90;3;-47;-36;-60;16;0;9;68;84;-86;40;-75;-40;23;-16;8;-49;66;-7;-31;-50;-85;-31;-42;66;-87;-97;-55;-72;-8;-1;-35;-1;86;-71;62;-22;-28;44;-61;-51;99;-11;47;-50;-50;53;-55;48;47;96;46;-62;82;6;15;-93;3
79;-45;-56;-10;35;16;3;-3;-56;-59;7;52;100;20;-38;44;0;-74;50;61;6;-90;42;54;88;-45;-77;-50;60;61;-74;82;-42;-20;32;-97;-27;6;-46;-13;86;-11;-18;1;78;-78;-29;87;-64;64;9;57;55;-45;-70;-41;-89;-88;-7;1;-43;-31;-3;-80;62;63;20;-29;37;-45;42;92;-74;-32;-61;31;-96;-9;-92;91;38;-44;-3;23;-11;-11;-57;-87;-39;99;75;-45;47;48;23;64;-70;11;-83;-83
-6;29;100;-17;39;28;-31;-45;-68;92;-38;73;-45;84;-37;25;-11;89;-52;-24;-38;67;82;99;10;7;-2;-63;-88;97;22;15;-84;-68;-8;47;-10;-99;79;6;21;46;15;-50;10;-71;60;45;-46;66;53;-67;-94;-43;-19;-43;-15;66;-66;72;-31;-85;73;17;89;-33;-11;80;-95;-58;-59;-87;-48;7;-1;27;-54;61;0;-55;-19;36;4;54;-64;-70;20;-69;54;65;-31;-79;-49;43;-59;41;-93;-27;-27;-56
85;-5;25;11;-99;-57;-93;-85;64;-4;73;-55;89;16;4;65;-90;-12;-92;25;38;39;-44;-2;15;70;-54;-19;-7;-81;-35;83;40;-64;89;-94;8;95;-40;-52;-96;-64;-20;8;88;84;-80;70;38;59;95;-11;71;89;9;6;-61;-12;99;80;77;89;73;-62;32;69;61;-19;35;47;76;53;-65;-94;-10;50;-34;12;-2;98;29;29;-97;-72;5;-79;93;-65;-31;-72;-85;31;90;43;3;68;-15;-60;37;82
-7;17;13;93;78;-26;-81;-91;47;-18;9;-82;-48;-54;-59;52;-94;80;89;9;-18;-68;-36;-61;-94;98;-89;65;68;-99;52;14;-23;15;-80;-84;44;-71;-92;-2;7;100;30;-44;88;-25;65;32;33;-76;56;5;-15;-22;-24;96;48;70;72;47;-67;-74;-61;-11;-29;-96;25;18;9;84;-46;16;-82;27;-52;-63;18;78;2;1;49;58;-58;16;-91;-70;30;-59;-9;-30;-23;55;61;-91;-84;-10;66;-4;-69;-12
-11;-92;5;-1;-74;-92;-72;45;-46;-38;-20;82;16;54;97;30;-83;10;-25;63;-83;56;-17;-48;-68;-67;91;-55;-58;29;48;-32;34;-10;-20;-62;65;-51;86;-50;-59;18;-60;-82;-20;-68;-5;22;27;63;12;51;94;-83;10;-62;-10;-100;63;96;-86;-33;-28;-17;-60;46;11;51;-7;-23;73;59;39;68;71;15;-100;28;-77;-66;12;60;-94;74;84;49;-8;-15;-38;-9;-45;63;-89;-62;9;-80;80;-64;77;-11
-42;-71;-5;-94;-62;-56;7;44;38;-32;-92;38;-20;-53;-15;42;-11;0;-58;-29;82;44;-71;-34;-10;-30;63;69;18;-1;-36;-96;-93;-29;-95;-75;-32;53;43;16;-74;-64;-36;44;1;-31;20;39;-65;-52;-17;-38;71;-49;-94;-68;-91;26;28;12;9;8;75;75;-37;-1;-63;62;58;62;-7;28;73;-49;20;-16;16;8;-32;81;-84;63;67;7;84;-92;-18;63;-10;69;-22;58;-81;-15;20;56;62;-63;-27;-67
61;89;74;-77;-32;11;80;13;-92;-33;98;-61;-73;-53;6;20;-99;-64;-79;92;72;-21;-11;-75;-34;85;-78;-6;-100;-82;-52;-89;94;40;-99;-97;76;-47;-90;-43;78;35;34;21;-56;52;22;-73;-91;31;96;-22;-76;50;57;97;96;35;24;-73;45;85;-19;-38;2;60;-62;-83;15;34;-4;46;28;1;-11;92;71;-2;64;-1;-98;-87;-80;69;66;-48;33;-39;56;6;55;32;47;29;87;-57;92;-52;-46;90
-38;-70;60;65;49;-81;87;-51;78;-32;-25;-86;-77;-76;11;-70;-43;30;-58;26;45;98;81;-2;-94;20;11;-61;-8;85;3;-15;-67;-93;60;63;40;-3;4;-77;-6;-29;-71;-94;76;-54;-23;23;3;76;-26;55;18;44;-35;41;-62;-9;-26;25;27;92;96;46;74;29;73;-69;-59;86;-44;-42;-14;-21;13;-92;-66;54;6;-65;-10;-77;7;54;-88;19;-25;-61;-11;-81;41;-89;-83;-3;35;-79;91;-82;39;97
37;91;58;-72;63;-72;-14;-36;-57;97;85;49;47;-65;30;39;-37;19;27;-85;-35;-93;-56;-18;26;-86;-4;-24;82;-12;-21;95;68;-38;-26;48;-11;71;65;-92;-99;25;25;59;-53;-17;82;47;-49;-22;67;-90;94;4;-66;96;-7;83;46;-45;11;96;-49;64;-48;74;65;-67;51;-35;93;-21;13;-46;27;-55;19;-60;95;-40;-79;9;-15;56;63;-15;-24;-42;-91;6;-83;-98;51;32;26;40;3;79;-14;-34
47;50;56;44;79;-5;93;-92;83;85;81;10;-56;-79;-19;76;18;56;-96;-96;-1;88;34;91;-48;78;-96;51;-10;19;1;-36;66;40;64;51;51;-43;34;-72;-23;-94;86;43;-9;74;-94;-59;11;86;97;-74;13;-75;-26;-43;32;-36;-74;-81;70;59;80;-41;-34;-32;84;39;-99;-74;-93;42;-42;-83;30;-100;-52;36;-90;71;-55;62;-16;-5;-42;22;73;-88;-16;42;5;84;-45;-81;73;60;85;-60;83;97
-31;36;61;-90;100;-90;78;9;-73;36;-71;20;5;71;-5;-25;53;87;-41;-82;24;89;-70;42;-32;96;-24;-1;-45;22;-59;65;-37;100;-75;71;84;48;-22;-28;40;14;76;54;-96;-81;-62;-43;3;49;98;28;5;-96;63;-63;66;2;-5;-94;52;-66;-42;87;39;27;-80;75;-29;-21;-39;45;-61;69;-19;-5;-49;-80;-60;38;-73;-97;37;7;16;-17;78;18;-94;61;-97;35;-20;81;67;32;-9;-43;17;15
50;99;-63;65;-79;-69;-71;21;-45;83;-45;-70;66;43;-49;21;19;70;-24;-47;-92;23;-20;-77;-93;-47;7;47;28;59;-58;92;23;74;-17;-3;-29;82;-60;-11;-70;-33;74;-81;38;59;59;7;-71;-10;-59;-17;-65;51;-20;44;-89;90;42;-43;-20;-79;-13;57;-98;23;-4;85;-59;-91;-14;31;-58;-75;43;-39;42;23;-51;77;-79;58;17;100;88;-72;-71;48;-27;-2;-6;29;26;15;-100;-46;45;-47;-62;-44
95;-85;41;-83;98;1;-30;-27;65;-43;-3;-6;-66;54;-29;100;54;60;6;-51;-21;-54;9;-66;-13;49;-99;-8;-6;-94;-11;71;68;87;0;-84;-84;3;-39;-40;82;-84;-93;-17;4;26;0;-28;45;49;90;12;59;-94;-60;99;-91;13;23;-51;17;28;-72;15;-35;-50;87;83;32;75;-99;-62;-16;-82;-79;61;43;82;91;78;59;17;82;-4;-10;60;-11;-26;57;92;-86;82;92;91;-49;36;94;-59;-77;27
31;-35;61;-45;-6;-22;-16;-19;-98;-13;85;70;89;-99;-56;-34;58;-54;-83;45;-88;-82;87;3;-75;100;69;88;41;35;16;-89;-71;-49;29;26;37;-99;72;58;-60;99;52;99;76;-18;10;4;46;-61;1;41;-92;72;92;9;31;-56;-76;0;66;-82;-97;29;-99;-28;-96;87;70;-6;44;50;-90;-11;82;2;-11;23;13;-3;41;-52;-45;-48;17;3;11;-51;84;-38;-96;13;36;-28;77;-11;40;25;-63;-2
-22;95;-39;-78;87;37;-72;-5;24;-60;-8;52;84;-17;-23;-100;-75;81;39;37;24;-66;70;56;-42;17;-35;-53;-31;24;33;57;-5;-39;20;-29;100;-98;49;-100;-42;-54;59;36;52;47;47;-67;-50;29;-27;-95;-37;12;-50;-76;-84;74;25;-85;-98;-66;9;-68;-33;8;-15;-61;-40;-1;-51;-92;44;-59;-28;-37;-69;-27;58;25;56;-22;-13;78;70;52;-73;-62;-88;87;-6;-82;24;59;57;96;84;-47;-56;-11
-67;-6;100;-65;65;1;-52;-95;49;-79;90;68;22;-26;64;70;-16;20;-38;-43;-54;57;82;-91;-68;75;-46;59;-14;-61;37;46;84;61;-42;14;-98;30;81;15;-6;-74;87;-9;-10;-54;-11;57;41;-28;44;69;-61;-10;55;-67;-63;84;-72;50;-38;53;-2;83;-90;-35;22;-91;-7;33;66;-64;56;20;-35;-100;73;55;22;-44;47;7;75;51;71;27;-62;29;-48;97;89;-67;-20;-17;69;87;-80;74;-7;-86
-72;-52;-13;93;45;94;-67;-39;70;-92;95;83;54;-75;-17;-58;-15;-57;-67;47;73;98;95;33;-89;57;80;56;67;72;78;21;-56;-83;-78;8;-66;-79;-16;80;0;-85;-98;-9;58;-93;94;-39;-54;-7;34;63;85;70;76;-69;-83;-33;-62;-70;-86;84;-15;-50;-92;-47;-34;-88;-48;91;-7;-87;100;-61;84;52;-9;32;53;86;26;-79;-27;67;27;75;-35;61;-39;71;-15;-3;21;5;48;70;-47;79;98;-49
-81;-9;84;-11;2;-30;-42;-81;23;20;41;30;-3;-71;-64;-78;97;-12;-57;-89;77;-43;90;74;22;98;-7;-38;-50;48;53;6;92;-93;87;-83;1;-83;-57;70;-92;-66;-16;94;-59;-48;-59;-75;-8;-32;-23;-74;-19;89;-21;28;-10;-97;96;-8;-82;-47;6;-69;13;-88;-96;55;-68;4;-89;-95;-70;-91;8;-85;-11;6;-36;38;18;-16;-48;-39;-51;-72;63;81;-4;65;-95;14;-7;65;-44;-26;63;71;27;59
-72;-18;91;-8;92;99;89;-29;17;11;50;69;83;-64;4;41;51;-4;63;-16;66;-13;-70;-30;-65;94;45;-78;77;-32;-8;68;-9;33;-37;14;74;34;62;48;-42;-18;-81;-35;-63;8;-1;-49;-12;-91;-90;9;100;-92;25;39;-28;-7;-57;-56;10;-71;41;36;-14;10;84;9;-16;49;-53;99;-64;36;89;-74;-21;-97;3;45;57;19;-50;87;52;-3;92;54;-75;-68;-79;25;29;-59;33;-23;66;-88;82;67
72;37;-10;-87;-50;-12;73;51;62;74;44;77;-84;-27;-57;91;-97;-4;1;-86;-12;-27;-73;67;20;78;24;0;-3;-69;-72;60;75;-34;93;0;79;21;4;85;-16;72;97;67;-23;43;73;-53;80;-10;-48;49;-8;-48;26;-43;-91;-10;-50;-15;-59;45;-37;41;77;53;21;95;-66;91;-33;22;1;73;77;11;-20;0;-18;59;18;69;-46;22;-86;-77;56;-55;-88;-44;94;96;75;44;6;96;-58;37;21;-94
81;86;-18;60;-57;-71;7;91;-35;-42;30;97;7;100;-78;-66;-31;27;-73;99;29;80;-42;-26;-11;-40;-43;-18;11;100;5;62;73;-74;75;89;96;13;32;-51;-17;-27;41;-88;67;-87;-95;-72;-68;-58;-8;-61;-18;-15;60;70;61;-37;-7;69;-15;-82;-38;-79;-74;66;-19;-62;-55;-92;64;89;22;-42;94;-75;90;-4;65;-13;36;24;-28;86;58;41;-61;62;-26;-45;-83;-100;-10;3;8;76;88;56;14;-11
-18;13;-62;13;-91;-65;-47;91;49;-8;-65;93;-73;-4;74;82;56;-76;-23;-47;77;-75;70;-4;-95;22;63;55;60;-30;34;7;50;28;99;100;92;92;-16;-93;-46;17;-11;27;44;88;23;89;-76;-6;99;-23;12;-63;-18;-3;89;86;78;-4;69;-55;76;76;-67;-100;40;17;65;53;64;25;34;37;95;36;29;1;-36;67;39;50;48;-37;-30;-74;27;-81;-70;53;53;-64;97;-100;28;44;28;-73;-73;-15
67;-40;81;-11;8;-71;60;-36;-3;-7;-37;3;63;91;-34;72;62;-13;-18;4;7;86;-38;45;-47;-17;-8;-58;-54;45;39;-15;-92;18;20;-1;87;-13;97;-41;70;53;-11;48;-69;-64;35;-38;10;-87;42;82;-63;4;63;100;50;33;74;-89;-45;65;-4;-62;-96;43;70;-74;-67;-5;46;60;91;32;18;-32;-62;63;-79;-4;32;97;-92;-42;-6;-25;-38;97;-3;57;-36;31;21;84;13;55;43;-90;-9;-27
15;88;8;67;-49;99;78;-14;-47;-89;33;-62;66;50;99;-18;57;-14;5;-16;9;3;9;44;49;52;32;91;-9;91;-13;-38;-22;99;-86;98;0;-21;64;9;-82;9;2;-16;35;-12;45;-5;22;-13;-72;-16;-3;43;23;-49;48;-90;-94;31;34;-93;47;-13;13;89;92;-29;-91;99;45;-98;24;-79;88;58;-92;-94;-65;-81;75;31;-7;57;64;-84;-65;13;-83;96;29;-5;28;-75;-95;38;24;-63;-45;46
-59;90;-15;-7;-85;-16;-79;-59;100;-33;96;-57;-17;-76;19;71;-34;-64;-57;-49;56;4;-97;8;85;23;11;-64;-75;57;69;72;-76;-1;29;-28;-21;92;-17;89;-66;-1;1;46;96;-20;86;85;-65;-62;65;39;-38;75;-5;-96;-67;56;30;93;-5;-65;1;-43;65;99;86;-63;92;42;29;-45;1;62;43;52;-54;67;-31;-93;3;40;26;-26;-64;94;-41;29;36;-40;-32;-20;-10;36;-61;97;-52;-86;42;79
-73;20;-45;19;-7;-19;9;72;22;47;-4;53;16;74;-21;-21;-64;-30;-11;-80;84;9;-100;-56;-74;17;-91;98;-22;-62;78;54;-69;3;-21;31;30;100;64;-56;5;-2;51;76;-52;-80;56;-27;-27;-1;57;99;38;97;-57;73;5;-12;75;67;-46;81;-23;-25;-6;-3;58;-23;-25;-12;58;53;17;-99;-82;-94;-15;-17;-56;-61;59;26;-63;33;55;-84;-17;-5;-75;-41;73;-62;4;16;6;-88;-5;11;77;-27
10;45;-99;90;-16;-90;41;-17;67;-92;-91;-92;-36;96;98;-73;29;12;-5;-10;-76;-26;-6;-96;-25;92;61;62;-80;-75;-65;29;-6;-25;58;-85;-99;-55;-73;-77;-69;20;62;3;-51;-39;42;-24;100;-78;51;35;98;-95;41;-58;-100;74;22;69;-35;27;-34;80;39;50;-82;-7;83;100;5;57;35;75;-95;32;35;-38;34;94;57;33;-2;-7;36;29;-64;49;58;-43;-22;-33;44;47;-66;-21;73;-57;-56;7
-92;47;94;28;-20;99;78;59;46;-53;-71;51;44;52;-57;-14;21;87;-54;77;1;0;-100;44;-14;40;-87;17;84;-27;13;46;-77;-27;-58;84;-31;-48;49;-11;16;20;9;-72;66;-6;-16;-66;54;-48;61;78;90;-67;66;-44;41;23;93;36;-32;-19;6;40;-73;-48;62;-36;-69;54;-84;15;-49;-37;-32;51;-79;-82;20;55;-1;4;-43;19;-47;-38;19;6;-14;73;30;53;70;5;-24;-50;18;-75;-32;26
18;77;6;7;-1;-78;3;-16;-90;-95;67;-35;30;46;2;60;83;-10;21;86;94;-25;41;54;44;-55;86;-65;-76;-47;-74;-15;92;-45;41;-99;91;23;48;96;-82;-18;30;-87;7;-64;79;34;-57;66;-74;62;-11;-31;-76;79;61;35;88;38;87;29;18;97;-30;-96;-51;5;0;-43;9;66;-37;-30;-15;-82;11;-82;-86;-18;92;-25;-7;-19;35;32;-33;-81;16;-76;41;-4;-36;98;-84;-63;64;-34;9;29
60;-14;76;55;33;-11;-34;-24;-3;-58;-44;35;-22;99;-72;-84;97;-76;-73;5;33;83;45;61;-64;64;-82;-71;-88;30;14;15;-39;-16;-81;-56;22;-48;-43;-97;-24;40;-75;-21;16;-81;-96;-70;-40;98;61;-37;82;-6;-10;-31;64;-45;100;-51;-33;-18;97;-46;-41;92;73;-20;-90;-73;-50;84;20;72;97;-90;58;79;77;-43;-10;6;-39;-69;-94;-63;0;-24;-15;-48;33;-84;27;80;1;-87;-84;70;-25;96
35;2;95;-30;-6;-38;-93;56;57;-71;-27;-56;-11;82;-8;-96;5;73;-21;-9;-93;82;-32;-53;81;100;-38;-21;10;67;-11;30;-35;-37;94;6;13;44;10;-61;-3;-52;84;11;68;87;1;-17;-70;-43;80;-42;2;63;29;-10;-49;85;-48;-88;33;12;38;90;91;-24;93;55;-66;38;-86;-1;62;-53;41;-84;-89;-20;-4;26;-8;83;-70;-41;1;-18;64;-93;0;-34;100;-12;-95;-95;27;48;91;90;42;-20
-22;-60;-75;-51;67;-2;-44;33;35;38;32;26;97;15;-99;-51;-15;-40;-4;53;-37;-68;-34;83;-12;1;-30;18;-22;-63;44;-67;57;-53;100;35;-18;-76;-42;-11;27;75;-51;-64;82;-88;-25;27;-60;-11;-73;31;-60;38;27;-36;-62;-63;55;25;-63;-57;-68;-93;-20;56;87;-9;-76;-71;-36;-92;-77;46;-36;-90;-2;78;60;50;85;-100;-94;-25;43;-38;-20;76;21;-93;-52;-32;-68;-56;68;91;35;92;-29;79
56;6;-66;-99;-9;-50;56;-17;-11;-63;56;-21;90;-95;24;29;79;-34;-52;86;33;81;-62;65;-10;70;8;93;-51;-51;49;-68;72;37;-62;58;-74;-2;100;49;-69;13;9;48;62;91;4;-8;79;23;-26;2;-83;64;86;47;95;-50;-27;42;42;-56;-93;13;-23;49;-48;78;22;66;30;89;89;-88;68;-22;-42;-10;-19;98;-8;30;70;-29;6;-46;60;0;95;51;-13;53;-5;51;-69;-90;66;-22;-19;-55
10;88;-26;80;16;62;-47;-35;-70;-97;40;42;-60;-17;55;61;-27;32;0;-45;-5;100;22;-81;-48;4;-43;-13;47;6;60;0;90;-15;-67;48;-46;40;-43;47;99;60;-81;24;-19;-51;-30;-87;-44;-92;-32;-66;-44;15;-1;99;69;65;-65;-10;33;63;56;-13;-94;-89;48;92;99;-1;93;-39;-73;-99;43;-6;-58;30;56;-90;11;94;-44;-78;46;-43;-16;45;21;-28;58;-87;-94;55;-50;-32;-5;54;7;-94
-24;-87;64;-13;-30;-3;-43;56;-25;86;-46;-5;47;10;4;20;55;-82;31;-87;-24;-62;22;-40;-4;-60;-21;77;24;14;-60;-63;-84;-41;64;-36;5;-30;-38;10;18;-33;-40;-92;-21;-88;60;16;-86;-43;-61;78;3;18;73;-68;-22;-83;-7;-51;30;-47;86;93;21;-3;1;33;-75;66;-87;-3;13;30;-84;44;-91;14;52;55;-79;96;-46;-80;49;32;-63;25;67;2;43;58;-75;95;-27;30;-40;54;-13;92
-96;-23;-23;-92;-47;-23;-50;47;24;-81;-23;-34;20;-10;-82;65;27;-54;-35;41;-28;-84;-92;51;-56;20;-88;52;26;-32;-30;-66;-21;-9;69;77;-95;13;-82;-8;68;-67;-10;-48;-94;-95;-31;-84;-85;-90;15;97;3;-73;-98;33;84;-18;92;-35;50;63;37;64;34;83;45;73;29;-61;-32;-74;-6;-53;89;11;79;92;-24;-97;-79;88;-34;82;-28;11;-43;-60;91;100;-88;-31;-90;71;68;94;30;-64;-10;-87
-99;-54;59;5;-43;-4;-87;1;79;-71;37;29;-77;-68;49;51;-85;-82;45;-61;13;10;-64;61;91;22;-15;-31;56;-98;14;56;-29;-100;15;-80;-28;-100;24;-30;-24;12;73;-98;-43;0;89;-64;27;92;26;89;-41;-53;-75;44;37;54;10;21;-30;93;59;99;72;1;-32;10;-9;73;-55;83;10;65;-49;22;100;47;-59;3;5;-14;7;64;-76;-89;60;-52;83;79;30;22;78;-73;39;-5;-37;11;56;-74
81;-37;74;100;-16;82;67;48;7;69;-77;-81;-31;24;70;70;82;84;-48;84;-19;94;96;-18;15;-21;-35;-20;87;18;-75;-74;-49;89;45;-29;64;4;49;46;8;-45;-73;20;1;-97;32;-70;95;-29;69;53;-29;-40;63;7;-84;48;-76;20;-78;1;-61;48;85;82;23;23;0;40;-55;82;97;-92;70;76;0;60;96;59;11;34;-12;-30;-95;44;30;-40;-78;-94;-22;-55;-1;35;-72;36;11;11;-26;96
-31;-49;39;99;55;78;88;-57;-38;49;-8;-63;-87;-23;-27;92;-37;57;-10;56;9;58;90;-47;89;-21;35;100;-87;61;55;37;31;51;50;57;41;-10;93;58;-25;-33;15;-48;36;97;-50;60;64;-1;1;43;-53;53;-67;-39;-77;67;35;-99;-85;24;-2;-68;-21;-36;-8;78;84;-31;-26;-2;-12;-21;-24;27;81;-86;-55;83;47;-23;49;4;-29;-81;49;56;-36;18;-2;-32;-73;-38;60;-72;-92;-60;63;61
-64;-66;-69;-68;69;-83;-22;-49;-48;-82;-45;16;-66;14;-31;29;-37;18;-37;12;76;54;36;-68;77;-82;52;5;99;35;38;86;34;39;-27;11;-80;-55;91;-83;57;-67;-70;43;88;99;37;-4;-74;-78;-96;5;45;82;-8;-100;-79;-100;52;13;42;-63;-10;-8;51;90;36;-30;62;57;-41;18;14;-84;-56;-7;-51;-90;-95;-78;-92;89;-81;21;28;75;12;-16;80;72;42;19;-35;11;-20;2;30;39;10;-28